540
143 6
144 4
145 3
146 3
147 6
148 4
149 7
150 6
151 7
152 6
153 4
154 3
155 6
156 4
157 4
158 3
159 4
160 4
161 4
162 4
163 7
164 6
165 6
166 6
167 6
168 4
169 6
170 6
171 3
172 3
173 7
174 6
175 7
176 4
177 4
178 7
179 4
180 4
181 7
182 3
183 4
184 3
185 2
186 6
187 3
188 10
189 10
190 6
191 3
192 4
193 7
194 4
195 7
196 7
197 9
198 2
199 9
200 10
201 4
202 10
203 4
204 10
205 10
206 3
207 9
208 4
209 4
210 10
211 3
212 3
213 10
214 3
215 2
216 10
217 10
218 2
219 4
220 2
221 10
222 7
223 6
224 4
225 3
226 8
227 3
228 4
229 8
230 6
231 10
232 10