540
143 6
144 4
145 4
146 4
147 6
148 4
149 4
150 7
151 4
152 4
153 7
154 6
155 4
156 4
157 4
158 6
159 3
160 3
161 4
162 3
163 4
164 4
165 7
166 4
167 6
168 3
169 4
170 7
171 7
172 6
173 4
174 3
175 4
176 4
177 4
178 7
179 4
180 7
181 6
182 6
183 4
184 4
185 4
186 3
187 7
188 9
189 8
190 8
191 7
192 6
193 10
194 4
195 4
196 10
197 4
198 6
199 4
200 10
201 4
202 9
203 9
204 3
205 4
206 6
207 5
208 7
209 10
210 7
211 6
212 4
213 7
214 6
215 5
216 6
217 4
218 10
219 4
220 8
221 4
222 4
223 7
224 8
225 10
226 2
227 10
228 2
229 3
230 10
231 10
232 2