540
143 7
144 3
145 7
146 6
147 4
148 7
149 4
150 4
151 3
152 3
153 6
154 7
155 3
156 6
157 3
158 7
159 3
160 6
161 6
162 4
163 7
164 3
165 3
166 3
167 4
168 7
169 4
170 7
171 7
172 3
173 6
174 4
175 4
176 4
177 3
178 3
179 3
180 3
181 3
182 7
183 4
184 4
185 3
186 6
187 3
188 4
189 9
190 7
191 6
192 4
193 4
194 10
195 10
196 10
197 10
198 8
199 9
200 10
201 10
202 4
203 4
204 9
205 4
206 8
207 2
208 4
209 2
210 10
211 10
212 4
213 10
214 10
215 6
216 6
217 4
218 6
219 8
220 2
221 7
222 2
223 8
224 4
225 6
226 2
227 4
228 10
229 6
230 3
231 10
232 7