540
143 3
144 3
145 6
146 4
147 7
148 7
149 4
150 3
151 7
152 4
153 7
154 6
155 4
156 3
157 4
158 7
159 4
160 4
161 6
162 4
163 4
164 4
165 6
166 4
167 4
168 4
169 3
170 5
171 2
172 6
173 6
174 3
175 5
176 4
177 5
178 4
179 3
180 5
181 3
182 3
183 4
184 4
185 3
186 4
187 4
188 9
189 3
190 8
191 10
192 10
193 2
194 3
195 4
196 10
197 4
198 6
199 6
200 7
201 2
202 6
203 10
204 9
205 10
206 4
207 7
208 10
209 6
210 6
211 6
212 2
213 10
214 9
215 7
216 10
217 3
218 10
219 3
220 4
221 10
222 10
223 9
224 4
225 2
226 7
227 10
228 10
229 3
230 4
231 10
232 6