540
143 4
144 6
145 7
146 3
147 4
148 6
149 7
150 4
151 4
152 4
153 6
154 7
155 4
156 2
157 6
158 3
159 2
160 3
161 5
162 4
163 4
164 4
165 3
166 5
167 3
168 4
169 2
170 3
171 6
172 6
173 3
174 3
175 6
176 6
177 4
178 4
179 4
180 6
181 3
182 3
183 4
184 6
185 6
186 2
187 3
188 3
189 10
190 10
191 3
192 10
193 10
194 3
195 4
196 10
197 4
198 10
199 10
200 4
201 6
202 10
203 6
204 4
205 2
206 8
207 4
208 10
209 2
210 10
211 10
212 10
213 2
214 3
215 6
216 6
217 10
218 7
219 8
220 3
221 10
222 2
223 10
224 4
225 6
226 10
227 2
228 9
229 6
230 9
231 10
232 10