540
143 4
144 4
145 4
146 4
147 7
148 4
149 4
150 4
151 4
152 3
153 6
154 6
155 4
156 7
157 7
158 4
159 4
160 7
161 4
162 7
163 4
164 7
165 3
166 7
167 3
168 3
169 6
170 4
171 7
172 6
173 4
174 7
175 4
176 7
177 4
178 6
179 6
180 7
181 7
182 4
183 4
184 4
185 4
186 3
187 4
188 10
189 9
190 4
191 10
192 10
193 4
194 3
195 7
196 6
197 3
198 4
199 6
200 8
201 6
202 8
203 4
204 7
205 7
206 3
207 10
208 8
209 9
210 4
211 10
212 2
213 10
214 10
215 8
216 8
217 2
218 2
219 4
220 5
221 9
222 5
223 10
224 5
225 7
226 3
227 4
228 4
229 10
230 4
231 2
232 3