540
143 4
144 4
145 6
146 6
147 6
148 7
149 3
150 6
151 4
152 7
153 4
154 3
155 4
156 3
157 4
158 7
159 4
160 3
161 7
162 6
163 3
164 7
165 4
166 6
167 4
168 4
169 3
170 4
171 3
172 6
173 4
174 2
175 3
176 6
177 6
178 6
179 2
180 4
181 3
182 3
183 6
184 4
185 5
186 4
187 2
188 3
189 6
190 3
191 10
192 3
193 4
194 5
195 8
196 10
197 2
198 5
199 4
200 10
201 10
202 10
203 8
204 8
205 2
206 10
207 4
208 10
209 4
210 8
211 4
212 4
213 4
214 10
215 9
216 10
217 10
218 4
219 4
220 6
221 9
222 2
223 6
224 10
225 9
226 9
227 4
228 6
229 10
230 8
231 4
232 9