540
143 4
144 4
145 7
146 7
147 6
148 4
149 4
150 7
151 3
152 6
153 6
154 6
155 4
156 3
157 4
158 4
159 7
160 3
161 3
162 4
163 7
164 3
165 7
166 4
167 7
168 3
169 4
170 3
171 7
172 4
173 6
174 6
175 3
176 5
177 2
178 3
179 4
180 6
181 4
182 3
183 6
184 2
185 4
186 6
187 4
188 6
189 7
190 10
191 8
192 4
193 2
194 9
195 10
196 4
197 7
198 4
199 9
200 2
201 10
202 2
203 7
204 4
205 10
206 8
207 4
208 10
209 9
210 3
211 10
212 10
213 6
214 4
215 2
216 8
217 10
218 4
219 4
220 10
221 4
222 2
223 9
224 10
225 6
226 10
227 9
228 2
229 4
230 2
231 7
232 9