540
143 4
144 6
145 3
146 7
147 4
148 7
149 4
150 7
151 3
152 7
153 7
154 4
155 6
156 3
157 3
158 7
159 4
160 4
161 7
162 4
163 3
164 6
165 4
166 6
167 2
168 5
169 5
170 4
171 4
172 4
173 3
174 6
175 4
176 4
177 3
178 2
179 6
180 4
181 2
182 3
183 2
184 2
185 2
186 4
187 2
188 10
189 10
190 8
191 6
192 4
193 6
194 10
195 10
196 10
197 4
198 7
199 3
200 10
201 6
202 8
203 10
204 10
205 7
206 6
207 6
208 3
209 8
210 4
211 6
212 4
213 4
214 8
215 10
216 3
217 10
218 4
219 10
220 2
221 10
222 10
223 4
224 4
225 4
226 6
227 3
228 10
229 10
230 6
231 4
232 9