540
143 4
144 4
145 8
146 7
147 6
148 4
149 8
150 7
151 4
152 6
153 4
154 4
155 6
156 6
157 5
158 5
159 6
160 4
161 4
162 4
163 4
164 4
165 3
166 6
167 3
168 4
169 4
170 4
171 3
172 4
173 7
174 4
175 3
176 4
177 4
178 6
179 7
180 4
181 4
182 6
183 4
184 4
185 7
186 4
187 6
188 8
189 7
190 10
191 6
192 10
193 7
194 7
195 7
196 4
197 3
198 10
199 3
200 10
201 4
202 3
203 3
204 9
205 4
206 6
207 3
208 10
209 6
210 8
211 10
212 3
213 3
214 3
215 10
216 8
217 3
218 9
219 10
220 6
221 4
222 4
223 4
224 3
225 10
226 6
227 4
228 10
229 6
230 6
231 4
232 7