233 308
90
143 144 145 146 147 148 149 150 151 152 153 154 155 156 157 158 159 160 161 162 163 164 165 166 167 168 169 170 171 172 173 174 175 176 177 178 179 180 181 182 183 184 185 186 187 188 189 190 191 192 193 194 195 196 197 198 199 200 201 202 203 204 205 206 207 208 209 210 211 212 213 214 215 216 217 218 219 220 221 222 223 224 225 226 227 228 229 230 231 232
233
0 (194 2)
1 (14 7) (217 3)
2 (1 5) (3 5)
3 (2 5) (175 2)
4 (175 2)
5 (198 3)
6 (19 7) (198 3)
7 (184 2)
8 (199 2)
9 (8 6)
10 (204 3)
11 (10 7)
12 (163 2)
13 (26 7) (194 2)
14 (1 7) (15 6) (27 7)
15 (2 6)
16 (227 2)
17 (220 2)
18 (17 5) (144 3)
19 (32 5) (18 5)
20 (156 3)
21 (34 6) (209 3)
22 (177 2)
23 (22 7) (24 6)
24 (222 3)
25 (186 2)
26 (27 5)
27 (26 5) (164 3)
28 (190 3)
29 (197 3) (227 2)
30 (29 7)
31 (30 5) (216 3)
32 (230 2)
33 (46 5) (20 6) (221 3)
34 (221 3)
35 (172 3)
36 (219 2)
37 (159 2) (219 2)
38 (205 3)
39 (207 2)
40 (53 5) (39 5)
41 (193 3)
42 (29 5) (41 7) (202 3)
43 (30 6)
44 (216 3)
45 (214 3)
46 (59 6)
47 (48 7)
48 (225 3)
49 (36 5)
50 (176 3)
51 (38 7) (157 3)
52 (166 2)
53 (52 7) (208 3)
54 (210 3)
55 (185 3) (202 3) (215 2)
56 (69 7) (43 7) (162 3)
57 (162 3)
58 (45 6)
59 (152 3) (196 3)
60 (147 3)
61 (62 7)
62 (61 7) (49 5)
63 (143 3)
64 (157 3)
65 (78 5) (212 2)
66 (67 7)
67 (187 2)
68 (81 7)
69 (201 3)
70 (182 2)
71 (58 7)
72 (71 7) (161 3)
73 (60 5) (86 5)
74 (183 2)
75 (173 2)
76 (75 6) (77 6) (63 7) (213 3)
77 (189 3)
78 (178 2)
79 (92 7)
80 (181 3) (232 3)
81 (165 3)
82 (158 3)
83 (228 2)
84 (97 7)
85 (84 7) (98 6)
86 (99 6) (85 7)
87 (74 5) (229 3)
88 (89 7)
89 (213 3)
90 (191 3)
91 (146 3)
92 (105 7)
93 (145 3)
94 (95 5) (206 3)
95 (169 3)
96 (188 3)
97 (110 5)
98 (151 2)
99 (203 3)
100 (87 7)
101 (114 6)
102 (89 5)
103 (102 6)
104 (105 7)
105 (218 3)
106 (119 7) (231 3)
107 (160 3)
108 (167 3)
109 (122 6) (188 3)
110 (150 3) (155 3)
111 (124 5)
112 (111 6) (154 3)
113 (154 3)
114 (127 7) (101 6)
115 (114 6) (180 3)
116 (103 6)
117 (223 3)
118 (117 5) (131 5)
119 (118 6)
120 (174 2)
121 (134 5) (120 6)
122 (123 6) (121 6)
123 (124 5) (200 3)
124 (137 6) (148 3)
125 (138 6) (148 3) (179 2) (226 3)
126 (211 3)
127 (128 5)
128 (141 6) (153 3)
129 (116 6)
130 (149 3)
131 (132 5) (149 3)
132 (133 7)
133 (134 7)
134 (192 3)
135 (195 2)
136 (200 3)
137 (124 6)
138 (170 2)
139 (171 3) (211 3)
140 (127 7)
141 (224 3)
142 (168 3) (224 3)
143 (50 3)
144 (31 3)
145 (80 3)
146 (104 3)
147 (47 3)
148 (125 3) (124 3)
149 (131 3) (130 3)
150 (109 3)
151 (111 2)
152 (72 3)
153 (115 3)
154 (113 3) (112 3)
155 (123 3)
156 (7 3)
157 (51 3) (64 3)
158 (83 3)
159 (38 2)
160 (108 3)
161 (73 3)
162 (57 3) (56 3)
163 (11 2)
164 (40 3)
165 (94 3)
166 (65 2)
167 (95 3)
168 (129 3)
169 (82 3)
170 (139 2)
171 (140 3)
172 (34 3)
173 (62 2)
174 (133 2)
175 (4 2) (3 2)
176 (51 3)
177 (9 2)
178 (91 2)
179 (112 2)
180 (102 3)
181 (79 3)
182 (71 2)
183 (73 2)
184 (6 2)
185 (56 3)
186 (12 2)
187 (54 2)
188 (96 3) (109 3)
189 (90 3)
190 (15 3)
191 (103 3)
192 (135 3)
193 (28 3)
194 (0 2) (13 2)
195 (122 2)
196 (58 3)
197 (28 3)
198 (5 3) (6 3)
199 (21 2)
200 (136 3) (123 3)
201 (70 3)
202 (42 3) (55 3)
203 (100 3)
204 (23 3)
205 (25 3)
206 (93 3)
207 (26 2)
208 (66 3)
209 (22 3)
210 (55 3)
211 (126 3) (139 3)
212 (66 2)
213 (89 3) (76 3)
214 (46 3)
215 (68 2)
216 (31 3) (44 3)
217 (0 3)
218 (106 3)
219 (36 2) (37 2)
220 (30 2)
221 (33 3) (34 3)
222 (11 3)
223 (104 3)
224 (141 3) (142 3)
225 (35 3)
226 (126 3)
227 (29 2) (16 2)
228 (70 2)
229 (88 3)
230 (33 2)
231 (107 3)
232 (67 3)